char location[10][20] = {"Chandigarh", "Jaipur", "Orrisa", "Banglore", "Delhi", "Kolkata", "Mumbai", "Pune", "Bihar", "Jammu"};

int G[V][V]={{ 0,  65,   0, 180,  60, 170, 150,   0,   0,  0},	
                { 65,   0,   0, 150,  35, 125, 105, 100,   0,  0},	
                {  0,   0,   0, 110, 135,  70, 145,   0,   0,  0},	
                {180, 150, 110,   0, 160, 100,  90,  85, 140,  0},	
                { 60,  35, 135, 160,   0, 120, 125, 120,  85, 80},	
                {170, 125,  70, 100, 120,   0, 145, 160,  65,  0},	
                {150, 105, 145,  90, 125, 145,   0,  40, 135,  0},	
                {  0, 100,   0,  85, 120, 160,  40,   0, 130,  0},	
                {  0,   0,   0, 140,  85,  65, 135, 130,   0,  0},	
                {  0,   0,   0,   0,  80,   0,   0,   0,   0,  0}};

double latitudes[10] = {30.6668, 26.8289, 20.2547, 13.1993, 28.5561, 22.6520, 19.0931, 18.5793, 25.5936, 32.6809};

double longitudes[10] = {76.7863, 75.8056, 85.8165, 77.7101, 77.1002, 88.4463, 72.8568, 73.9089, 85.0911, 74.8423};